index,Missing word,Missing emission,Missing transition 1,Missing transition 2,Gibbs samples,Sentences correct,Words correct,Average length of sentence,Average length of sentence correctly predicted,Length of longest sentence correctly predicted,Time taken
0.0,1e-05,1e-05,1e-05,1e-05,10.0,41.4,91.55,14.72,4.44,40.0,106.0
1.0,1e-05,1e-05,1e-05,1e-05,20.0,42.25,91.44,14.72,4.54,40.0,116.0
2.0,1e-05,1e-05,1e-05,1e-05,50.0,42.75,91.88,14.72,4.62,40.0,147.0
3.0,1e-05,1e-05,1e-05,1e-05,100.0,43.3,92.08,14.72,4.69,39.0,199.0
4.0,1e-05,1e-05,1e-05,1e-05,150.0,43.75,92.43,14.72,4.77,40.0,250.0
5.0,1e-05,1e-05,1e-05,1e-08,10.0,40.85,91.29,14.72,4.34,39.0,108.0
6.0,1e-05,1e-05,1e-05,1e-08,20.0,42.6,91.75,14.72,4.58,40.0,118.0
7.0,1e-05,1e-05,1e-05,1e-08,50.0,42.65,91.99,14.72,4.6,41.0,154.0
8.0,1e-05,1e-05,1e-05,1e-08,100.0,42.95,92.13,14.72,4.65,40.0,201.0
9.0,1e-05,1e-05,1e-05,1e-08,150.0,43.7,92.3,14.72,4.73,40.0,253.0
10.0,1e-05,1e-05,1e-05,1e-10,10.0,41.85,91.51,14.72,4.51,40.0,107.0
11.0,1e-05,1e-05,1e-05,1e-10,20.0,41.85,91.48,14.72,4.48,40.0,117.0
12.0,1e-05,1e-05,1e-05,1e-10,50.0,42.45,91.9,14.72,4.57,41.0,148.0
13.0,1e-05,1e-05,1e-05,1e-10,100.0,43.35,92.0,14.72,4.71,40.0,201.0
14.0,1e-05,1e-05,1e-05,1e-10,150.0,43.6,92.29,14.72,4.72,40.0,254.0
15.0,1e-05,1e-05,1e-05,1e-12,10.0,42.05,91.75,14.72,4.53,40.0,108.0
16.0,1e-05,1e-05,1e-05,1e-12,20.0,41.9,91.57,14.72,4.52,41.0,118.0
17.0,1e-05,1e-05,1e-05,1e-12,50.0,42.6,91.97,14.72,4.57,40.0,148.0
18.0,1e-05,1e-05,1e-05,1e-12,100.0,43.15,92.24,14.72,4.65,40.0,199.0
19.0,1e-05,1e-05,1e-05,1e-12,150.0,43.25,92.24,14.72,4.67,40.0,252.0
20.0,1e-05,1e-05,1e-08,1e-05,10.0,41.15,91.4,14.72,4.37,40.0,107.0
21.0,1e-05,1e-05,1e-08,1e-05,20.0,41.75,91.71,14.72,4.49,40.0,117.0
22.0,1e-05,1e-05,1e-08,1e-05,50.0,42.55,91.83,14.72,4.58,38.0,149.0
23.0,1e-05,1e-05,1e-08,1e-05,100.0,43.4,92.14,14.72,4.73,40.0,201.0
24.0,1e-05,1e-05,1e-08,1e-05,150.0,43.5,92.37,14.72,4.74,41.0,263.0
25.0,1e-05,1e-05,1e-08,1e-08,10.0,41.8,91.46,14.72,4.53,41.0,112.0
26.0,1e-05,1e-05,1e-08,1e-08,20.0,41.8,91.57,14.72,4.51,40.0,121.0
27.0,1e-05,1e-05,1e-08,1e-08,50.0,42.45,91.75,14.72,4.55,40.0,151.0
28.0,1e-05,1e-05,1e-08,1e-08,100.0,43.2,92.23,14.72,4.68,40.0,203.0
29.0,1e-05,1e-05,1e-08,1e-08,150.0,43.9,92.48,14.72,4.81,41.0,254.0
30.0,1e-05,1e-05,1e-08,1e-10,10.0,41.55,91.58,14.72,4.5,40.0,109.0
31.0,1e-05,1e-05,1e-08,1e-10,20.0,42.15,91.74,14.72,4.55,41.0,119.0
32.0,1e-05,1e-05,1e-08,1e-10,50.0,42.8,91.93,14.72,4.64,40.0,150.0
33.0,1e-05,1e-05,1e-08,1e-10,100.0,43.15,92.23,14.72,4.65,40.0,202.0
34.0,1e-05,1e-05,1e-08,1e-10,150.0,43.95,92.49,14.72,4.85,40.0,254.0
35.0,1e-05,1e-05,1e-08,1e-12,10.0,41.6,91.4,14.72,4.45,40.0,107.0
36.0,1e-05,1e-05,1e-08,1e-12,20.0,41.4,91.6,14.72,4.42,41.0,118.0
37.0,1e-05,1e-05,1e-08,1e-12,50.0,42.75,91.91,14.72,4.61,40.0,149.0
38.0,1e-05,1e-05,1e-08,1e-12,100.0,43.05,92.14,14.72,4.69,41.0,201.0
39.0,1e-05,1e-05,1e-08,1e-12,150.0,44.2,92.52,14.72,4.84,40.0,251.0
40.0,1e-05,1e-05,1e-10,1e-05,10.0,42.05,91.82,14.72,4.52,40.0,107.0
41.0,1e-05,1e-05,1e-10,1e-05,20.0,41.6,91.6,14.72,4.48,40.0,116.0
42.0,1e-05,1e-05,1e-10,1e-05,50.0,42.25,91.58,14.72,4.53,40.0,146.0
43.0,1e-05,1e-05,1e-10,1e-05,100.0,43.05,92.27,14.72,4.64,41.0,199.0
44.0,1e-05,1e-05,1e-10,1e-05,150.0,43.55,92.37,14.72,4.75,41.0,250.0
45.0,1e-05,1e-05,1e-10,1e-08,10.0,41.1,91.37,14.72,4.33,37.0,107.0
46.0,1e-05,1e-05,1e-10,1e-08,20.0,42.0,91.57,14.72,4.5,40.0,117.0
47.0,1e-05,1e-05,1e-10,1e-08,50.0,42.25,91.69,14.72,4.58,40.0,149.0
48.0,1e-05,1e-05,1e-10,1e-08,100.0,43.05,92.19,14.72,4.69,40.0,201.0
49.0,1e-05,1e-05,1e-10,1e-08,150.0,43.9,92.52,14.72,4.78,40.0,252.0
50.0,1e-05,1e-05,1e-10,1e-10,10.0,42.65,91.66,14.72,4.62,40.0,107.0
51.0,1e-05,1e-05,1e-10,1e-10,20.0,42.15,91.55,14.72,4.51,40.0,117.0
52.0,1e-05,1e-05,1e-10,1e-10,50.0,42.7,92.03,14.72,4.58,40.0,149.0
53.0,1e-05,1e-05,1e-10,1e-10,100.0,43.65,92.22,14.72,4.76,40.0,202.0
54.0,1e-05,1e-05,1e-10,1e-10,150.0,43.9,92.4,14.72,4.82,40.0,254.0
55.0,1e-05,1e-05,1e-10,1e-12,10.0,41.35,91.35,14.72,4.44,40.0,108.0
56.0,1e-05,1e-05,1e-10,1e-12,20.0,41.9,91.57,14.72,4.53,40.0,118.0
57.0,1e-05,1e-05,1e-10,1e-12,50.0,42.15,91.85,14.72,4.51,40.0,149.0
58.0,1e-05,1e-05,1e-10,1e-12,100.0,42.95,91.97,14.72,4.65,40.0,201.0
59.0,1e-05,1e-05,1e-10,1e-12,150.0,43.45,92.34,14.72,4.69,40.0,253.0
60.0,1e-05,1e-05,1e-12,1e-05,10.0,41.8,91.55,14.72,4.51,38.0,108.0
61.0,1e-05,1e-05,1e-12,1e-05,20.0,42.15,91.61,14.72,4.53,41.0,118.0
62.0,1e-05,1e-05,1e-12,1e-05,50.0,42.65,91.92,14.72,4.57,41.0,150.0
63.0,1e-05,1e-05,1e-12,1e-05,100.0,42.85,92.03,14.72,4.59,40.0,202.0
64.0,1e-05,1e-05,1e-12,1e-05,150.0,43.8,92.42,14.72,4.8,40.0,256.0
65.0,1e-05,1e-05,1e-12,1e-08,10.0,42.0,91.5,14.72,4.5,40.0,109.0
66.0,1e-05,1e-05,1e-12,1e-08,20.0,42.2,91.75,14.72,4.57,40.0,119.0
67.0,1e-05,1e-05,1e-12,1e-08,50.0,42.05,91.72,14.72,4.52,41.0,150.0
68.0,1e-05,1e-05,1e-12,1e-08,100.0,43.05,92.17,14.72,4.66,40.0,201.0
69.0,1e-05,1e-05,1e-12,1e-08,150.0,44.0,92.45,14.72,4.81,41.0,253.0
70.0,1e-05,1e-05,1e-12,1e-10,10.0,41.8,91.6,14.72,4.48,40.0,107.0
71.0,1e-05,1e-05,1e-12,1e-10,20.0,41.65,91.65,14.72,4.46,40.0,118.0
72.0,1e-05,1e-05,1e-12,1e-10,50.0,42.55,91.8,14.72,4.6,41.0,149.0
73.0,1e-05,1e-05,1e-12,1e-10,100.0,43.25,92.15,14.72,4.64,40.0,201.0
74.0,1e-05,1e-05,1e-12,1e-10,150.0,43.6,92.37,14.72,4.75,40.0,254.0
75.0,1e-05,1e-05,1e-12,1e-12,10.0,41.7,91.55,14.72,4.54,40.0,108.0
76.0,1e-05,1e-05,1e-12,1e-12,20.0,41.75,91.55,14.72,4.51,40.0,118.0
77.0,1e-05,1e-05,1e-12,1e-12,50.0,41.9,91.77,14.72,4.47,40.0,149.0
78.0,1e-05,1e-05,1e-12,1e-12,100.0,42.7,92.18,14.72,4.64,40.0,201.0
79.0,1e-05,1e-05,1e-12,1e-12,150.0,43.6,92.41,14.72,4.73,40.0,253.0
80.0,1e-05,1e-08,1e-05,1e-05,10.0,53.9,94.56,14.72,6.22,52.0,108.0
81.0,1e-05,1e-08,1e-05,1e-05,20.0,54.15,94.68,14.72,6.25,52.0,118.0
82.0,1e-05,1e-08,1e-05,1e-05,50.0,55.0,94.85,14.72,6.36,52.0,149.0
83.0,1e-05,1e-08,1e-05,1e-05,100.0,54.95,94.81,14.72,6.36,52.0,202.0
84.0,1e-05,1e-08,1e-05,1e-05,150.0,55.0,94.96,14.72,6.39,52.0,254.0
85.0,1e-05,1e-08,1e-05,1e-08,10.0,53.85,94.65,14.72,6.22,52.0,109.0
86.0,1e-05,1e-08,1e-05,1e-08,20.0,54.4,94.63,14.72,6.32,52.0,118.0
87.0,1e-05,1e-08,1e-05,1e-08,50.0,54.3,94.74,14.72,6.24,52.0,149.0
88.0,1e-05,1e-08,1e-05,1e-08,100.0,54.55,94.86,14.72,6.3,52.0,202.0
89.0,1e-05,1e-08,1e-05,1e-08,150.0,55.25,94.94,14.72,6.43,52.0,255.0
90.0,1e-05,1e-08,1e-05,1e-10,10.0,54.55,94.65,14.72,6.34,52.0,109.0
91.0,1e-05,1e-08,1e-05,1e-10,20.0,54.65,94.79,14.72,6.4,52.0,119.0
92.0,1e-05,1e-08,1e-05,1e-10,50.0,54.4,94.7,14.72,6.31,52.0,150.0
93.0,1e-05,1e-08,1e-05,1e-10,100.0,54.7,94.9,14.72,6.35,52.0,202.0
94.0,1e-05,1e-08,1e-05,1e-10,150.0,55.35,94.96,14.72,6.45,52.0,255.0
95.0,1e-05,1e-08,1e-05,1e-12,10.0,54.0,94.66,14.72,6.24,52.0,109.0
96.0,1e-05,1e-08,1e-05,1e-12,20.0,54.4,94.71,14.72,6.24,52.0,120.0
97.0,1e-05,1e-08,1e-05,1e-12,50.0,54.75,94.8,14.72,6.36,52.0,151.0
98.0,1e-05,1e-08,1e-05,1e-12,100.0,55.0,94.84,14.72,6.37,52.0,201.0
99.0,1e-05,1e-08,1e-05,1e-12,150.0,55.1,94.96,14.72,6.4,52.0,253.0
100.0,1e-05,1e-08,1e-08,1e-05,10.0,54.15,94.63,14.72,6.25,52.0,107.0
101.0,1e-05,1e-08,1e-08,1e-05,20.0,54.2,94.66,14.72,6.25,52.0,118.0
102.0,1e-05,1e-08,1e-08,1e-05,50.0,54.5,94.75,14.72,6.28,52.0,149.0
103.0,1e-05,1e-08,1e-08,1e-05,100.0,55.15,94.96,14.72,6.4,52.0,200.0
104.0,1e-05,1e-08,1e-08,1e-05,150.0,55.1,95.05,14.72,6.41,52.0,253.0
105.0,1e-05,1e-08,1e-08,1e-08,10.0,54.65,94.73,14.72,6.34,52.0,107.0
106.0,1e-05,1e-08,1e-08,1e-08,20.0,54.25,94.66,14.72,6.27,52.0,118.0
107.0,1e-05,1e-08,1e-08,1e-08,50.0,54.5,94.69,14.72,6.29,52.0,149.0
108.0,1e-05,1e-08,1e-08,1e-08,100.0,55.05,94.91,14.72,6.36,52.0,200.0
109.0,1e-05,1e-08,1e-08,1e-08,150.0,55.25,95.01,14.72,6.4,52.0,253.0
110.0,1e-05,1e-08,1e-08,1e-10,10.0,54.1,94.66,14.72,6.27,52.0,108.0
111.0,1e-05,1e-08,1e-08,1e-10,20.0,54.45,94.71,14.72,6.29,52.0,117.0
112.0,1e-05,1e-08,1e-08,1e-10,50.0,54.7,94.84,14.72,6.32,52.0,148.0
113.0,1e-05,1e-08,1e-08,1e-10,100.0,54.8,94.85,14.72,6.33,52.0,199.0
114.0,1e-05,1e-08,1e-08,1e-10,150.0,55.0,94.94,14.72,6.38,52.0,253.0
115.0,1e-05,1e-08,1e-08,1e-12,10.0,54.0,94.58,14.72,6.21,52.0,107.0
116.0,1e-05,1e-08,1e-08,1e-12,20.0,54.4,94.71,14.72,6.28,52.0,117.0
117.0,1e-05,1e-08,1e-08,1e-12,50.0,54.15,94.69,14.72,6.27,52.0,147.0
118.0,1e-05,1e-08,1e-08,1e-12,100.0,54.7,94.8,14.72,6.31,52.0,199.0
119.0,1e-05,1e-08,1e-08,1e-12,150.0,55.1,94.93,14.72,6.41,52.0,251.0
120.0,1e-05,1e-08,1e-10,1e-05,10.0,53.35,94.44,14.72,6.12,52.0,108.0
121.0,1e-05,1e-08,1e-10,1e-05,20.0,54.55,94.76,14.72,6.32,52.0,119.0
122.0,1e-05,1e-08,1e-10,1e-05,50.0,54.75,94.78,14.72,6.36,52.0,149.0
123.0,1e-05,1e-08,1e-10,1e-05,100.0,54.65,94.83,14.72,6.34,52.0,200.0
124.0,1e-05,1e-08,1e-10,1e-05,150.0,55.3,94.94,14.72,6.48,52.0,252.0
125.0,1e-05,1e-08,1e-10,1e-08,10.0,54.4,94.76,14.72,6.34,52.0,107.0
126.0,1e-05,1e-08,1e-10,1e-08,20.0,54.6,94.78,14.72,6.34,52.0,117.0
127.0,1e-05,1e-08,1e-10,1e-08,50.0,54.85,94.84,14.72,6.35,52.0,148.0
128.0,1e-05,1e-08,1e-10,1e-08,100.0,55.15,94.88,14.72,6.44,52.0,200.0
129.0,1e-05,1e-08,1e-10,1e-08,150.0,54.9,94.86,14.72,6.36,52.0,250.0
130.0,1e-05,1e-08,1e-10,1e-10,10.0,54.25,94.64,14.72,6.27,52.0,107.0
131.0,1e-05,1e-08,1e-10,1e-10,20.0,54.25,94.69,14.72,6.28,52.0,118.0
132.0,1e-05,1e-08,1e-10,1e-10,50.0,54.85,94.76,14.72,6.38,52.0,149.0
133.0,1e-05,1e-08,1e-10,1e-10,100.0,55.4,94.94,14.72,6.46,52.0,200.0
134.0,1e-05,1e-08,1e-10,1e-10,150.0,55.0,94.88,14.72,6.37,52.0,251.0
135.0,1e-05,1e-08,1e-10,1e-12,10.0,54.3,94.66,14.72,6.29,52.0,108.0
136.0,1e-05,1e-08,1e-10,1e-12,20.0,54.2,94.75,14.72,6.27,52.0,118.0
137.0,1e-05,1e-08,1e-10,1e-12,50.0,54.0,94.66,14.72,6.23,52.0,148.0
138.0,1e-05,1e-08,1e-10,1e-12,100.0,54.95,94.94,14.72,6.35,52.0,201.0
139.0,1e-05,1e-08,1e-10,1e-12,150.0,55.25,95.01,14.72,6.44,52.0,252.0
140.0,1e-05,1e-08,1e-12,1e-05,10.0,54.15,94.71,14.72,6.28,52.0,108.0
141.0,1e-05,1e-08,1e-12,1e-05,20.0,54.4,94.61,14.72,6.31,52.0,119.0
142.0,1e-05,1e-08,1e-12,1e-05,50.0,54.75,94.81,14.72,6.37,52.0,149.0
143.0,1e-05,1e-08,1e-12,1e-05,100.0,55.05,94.87,14.72,6.37,52.0,202.0
144.0,1e-05,1e-08,1e-12,1e-05,150.0,55.2,94.94,14.72,6.4,52.0,255.0
145.0,1e-05,1e-08,1e-12,1e-08,10.0,54.25,94.76,14.72,6.28,52.0,108.0
146.0,1e-05,1e-08,1e-12,1e-08,20.0,53.9,94.62,14.72,6.19,52.0,120.0
147.0,1e-05,1e-08,1e-12,1e-08,50.0,54.55,94.67,14.72,6.33,52.0,150.0
148.0,1e-05,1e-08,1e-12,1e-08,100.0,55.15,94.86,14.72,6.4,52.0,203.0
149.0,1e-05,1e-08,1e-12,1e-08,150.0,54.95,94.97,14.72,6.39,52.0,255.0
150.0,1e-05,1e-08,1e-12,1e-10,10.0,54.15,94.63,14.72,6.28,52.0,109.0
151.0,1e-05,1e-08,1e-12,1e-10,20.0,53.9,94.64,14.72,6.21,52.0,119.0
152.0,1e-05,1e-08,1e-12,1e-10,50.0,54.8,94.76,14.72,6.37,52.0,151.0
153.0,1e-05,1e-08,1e-12,1e-10,100.0,54.55,94.76,14.72,6.31,52.0,204.0
154.0,1e-05,1e-08,1e-12,1e-10,150.0,54.95,94.99,14.72,6.39,52.0,256.0
155.0,1e-05,1e-08,1e-12,1e-12,10.0,54.25,94.67,14.72,6.29,52.0,108.0
156.0,1e-05,1e-08,1e-12,1e-12,20.0,54.2,94.59,14.72,6.26,52.0,118.0
157.0,1e-05,1e-08,1e-12,1e-12,50.0,54.6,94.75,14.72,6.3,52.0,150.0
158.0,1e-05,1e-08,1e-12,1e-12,100.0,55.0,94.88,14.72,6.38,52.0,201.0
159.0,1e-05,1e-08,1e-12,1e-12,150.0,55.6,95.06,14.72,6.51,52.0,253.0
160.0,1e-05,1e-10,1e-05,1e-05,10.0,54.05,94.67,14.72,6.25,52.0,108.0
161.0,1e-05,1e-10,1e-05,1e-05,20.0,53.9,94.72,14.72,6.24,52.0,118.0
162.0,1e-05,1e-10,1e-05,1e-05,50.0,54.85,94.88,14.72,6.4,52.0,149.0
163.0,1e-05,1e-10,1e-05,1e-05,100.0,54.65,94.8,14.72,6.31,52.0,201.0
164.0,1e-05,1e-10,1e-05,1e-05,150.0,55.1,94.94,14.72,6.38,52.0,253.0
165.0,1e-05,1e-10,1e-05,1e-08,10.0,54.25,94.73,14.72,6.28,52.0,108.0
166.0,1e-05,1e-10,1e-05,1e-08,20.0,54.0,94.65,14.72,6.24,52.0,119.0
167.0,1e-05,1e-10,1e-05,1e-08,50.0,54.8,94.82,14.72,6.32,52.0,150.0
168.0,1e-05,1e-10,1e-05,1e-08,100.0,54.55,94.88,14.72,6.29,52.0,202.0
169.0,1e-05,1e-10,1e-05,1e-08,150.0,54.9,94.94,14.72,6.36,52.0,253.0
170.0,1e-05,1e-10,1e-05,1e-10,10.0,54.15,94.67,14.72,6.24,52.0,109.0
171.0,1e-05,1e-10,1e-05,1e-10,20.0,54.35,94.69,14.72,6.23,52.0,118.0
172.0,1e-05,1e-10,1e-05,1e-10,50.0,55.2,94.88,14.72,6.42,52.0,149.0
173.0,1e-05,1e-10,1e-05,1e-10,100.0,54.75,94.93,14.72,6.36,52.0,200.0
174.0,1e-05,1e-10,1e-05,1e-10,150.0,55.35,94.89,14.72,6.44,52.0,252.0
175.0,1e-05,1e-10,1e-05,1e-12,10.0,54.5,94.83,14.72,6.36,52.0,107.0
176.0,1e-05,1e-10,1e-05,1e-12,20.0,54.0,94.61,14.72,6.25,52.0,117.0
177.0,1e-05,1e-10,1e-05,1e-12,50.0,54.45,94.76,14.72,6.28,52.0,148.0
178.0,1e-05,1e-10,1e-05,1e-12,100.0,54.6,94.75,14.72,6.34,52.0,200.0
179.0,1e-05,1e-10,1e-05,1e-12,150.0,54.9,94.93,14.72,6.37,52.0,252.0
180.0,1e-05,1e-10,1e-08,1e-05,10.0,54.2,94.67,14.72,6.27,52.0,107.0
181.0,1e-05,1e-10,1e-08,1e-05,20.0,54.65,94.72,14.72,6.35,52.0,118.0
182.0,1e-05,1e-10,1e-08,1e-05,50.0,54.6,94.78,14.72,6.32,52.0,150.0
183.0,1e-05,1e-10,1e-08,1e-05,100.0,54.95,94.92,14.72,6.32,52.0,201.0
184.0,1e-05,1e-10,1e-08,1e-05,150.0,54.85,94.93,14.72,6.36,52.0,253.0
185.0,1e-05,1e-10,1e-08,1e-08,10.0,54.25,94.67,14.72,6.23,52.0,108.0
186.0,1e-05,1e-10,1e-08,1e-08,20.0,54.8,94.83,14.72,6.32,52.0,118.0
187.0,1e-05,1e-10,1e-08,1e-08,50.0,54.4,94.78,14.72,6.25,52.0,149.0
188.0,1e-05,1e-10,1e-08,1e-08,100.0,54.5,94.81,14.72,6.29,52.0,202.0
189.0,1e-05,1e-10,1e-08,1e-08,150.0,55.15,94.96,14.72,6.38,52.0,253.0
190.0,1e-05,1e-10,1e-08,1e-10,10.0,54.2,94.68,14.72,6.29,52.0,108.0
191.0,1e-05,1e-10,1e-08,1e-10,20.0,54.85,94.71,14.72,6.39,52.0,118.0
192.0,1e-05,1e-10,1e-08,1e-10,50.0,55.25,94.85,14.72,6.43,52.0,150.0
193.0,1e-05,1e-10,1e-08,1e-10,100.0,55.25,94.93,14.72,6.41,52.0,227.0
194.0,1e-05,1e-10,1e-08,1e-10,150.0,55.1,94.98,14.72,6.38,52.0,285.0
195.0,1e-05,1e-10,1e-08,1e-12,10.0,54.2,94.75,14.72,6.27,52.0,119.0
196.0,1e-05,1e-10,1e-08,1e-12,20.0,54.15,94.67,14.72,6.25,52.0,129.0
197.0,1e-05,1e-10,1e-08,1e-12,50.0,54.7,94.75,14.72,6.32,52.0,164.0
198.0,1e-05,1e-10,1e-08,1e-12,100.0,55.3,94.93,14.72,6.43,52.0,220.0
199.0,1e-05,1e-10,1e-08,1e-12,150.0,54.95,94.97,14.72,6.33,52.0,276.0
200.0,1e-05,1e-10,1e-10,1e-05,10.0,54.5,94.73,14.72,6.31,52.0,118.0
201.0,1e-05,1e-10,1e-10,1e-05,20.0,54.65,94.77,14.72,6.37,52.0,129.0
202.0,1e-05,1e-10,1e-10,1e-05,50.0,54.45,94.7,14.72,6.27,52.0,165.0
203.0,1e-05,1e-10,1e-10,1e-05,100.0,54.85,94.77,14.72,6.33,52.0,219.0
204.0,1e-05,1e-10,1e-10,1e-05,150.0,55.25,94.96,14.72,6.43,52.0,277.0
205.0,1e-05,1e-10,1e-10,1e-08,10.0,54.1,94.63,14.72,6.26,52.0,118.0
206.0,1e-05,1e-10,1e-10,1e-08,20.0,54.3,94.55,14.72,6.33,52.0,129.0
207.0,1e-05,1e-10,1e-10,1e-08,50.0,54.4,94.81,14.72,6.3,52.0,162.0
208.0,1e-05,1e-10,1e-10,1e-08,100.0,54.7,94.88,14.72,6.34,52.0,220.0
209.0,1e-05,1e-10,1e-10,1e-08,150.0,55.05,94.84,14.72,6.38,52.0,275.0
210.0,1e-05,1e-10,1e-10,1e-10,10.0,54.0,94.76,14.72,6.25,52.0,117.0
211.0,1e-05,1e-10,1e-10,1e-10,20.0,54.4,94.71,14.72,6.28,52.0,127.0
212.0,1e-05,1e-10,1e-10,1e-10,50.0,54.4,94.73,14.72,6.26,52.0,164.0
213.0,1e-05,1e-10,1e-10,1e-10,100.0,55.0,94.93,14.72,6.37,52.0,217.0
214.0,1e-05,1e-10,1e-10,1e-10,150.0,55.2,94.94,14.72,6.42,52.0,274.0
215.0,1e-05,1e-10,1e-10,1e-12,10.0,54.0,94.68,14.72,6.25,52.0,117.0
216.0,1e-05,1e-10,1e-10,1e-12,20.0,54.5,94.72,14.72,6.34,52.0,129.0
217.0,1e-05,1e-10,1e-10,1e-12,50.0,54.5,94.73,14.72,6.3,52.0,163.0
218.0,1e-05,1e-10,1e-10,1e-12,100.0,54.9,94.86,14.72,6.37,52.0,222.0
219.0,1e-05,1e-10,1e-10,1e-12,150.0,54.9,94.93,14.72,6.39,52.0,278.0
220.0,1e-05,1e-10,1e-12,1e-05,10.0,54.5,94.66,14.72,6.3,52.0,119.0
221.0,1e-05,1e-10,1e-12,1e-05,20.0,54.4,94.61,14.72,6.3,52.0,131.0
222.0,1e-05,1e-10,1e-12,1e-05,50.0,54.9,94.88,14.72,6.36,52.0,165.0
223.0,1e-05,1e-10,1e-12,1e-05,100.0,54.95,94.8,14.72,6.37,52.0,221.0
224.0,1e-05,1e-10,1e-12,1e-05,150.0,55.1,94.93,14.72,6.41,52.0,281.0
225.0,1e-05,1e-10,1e-12,1e-08,10.0,54.2,94.7,14.72,6.31,52.0,119.0
226.0,1e-05,1e-10,1e-12,1e-08,20.0,54.5,94.68,14.72,6.3,52.0,134.0
227.0,1e-05,1e-10,1e-12,1e-08,50.0,54.55,94.79,14.72,6.31,52.0,165.0
228.0,1e-05,1e-10,1e-12,1e-08,100.0,54.65,94.79,14.72,6.34,52.0,221.0
229.0,1e-05,1e-10,1e-12,1e-08,150.0,55.1,94.96,14.72,6.41,52.0,282.0
230.0,1e-05,1e-10,1e-12,1e-10,10.0,54.8,94.77,14.72,6.36,52.0,118.0
231.0,1e-05,1e-10,1e-12,1e-10,20.0,54.7,94.83,14.72,6.32,52.0,129.0
232.0,1e-05,1e-10,1e-12,1e-10,50.0,54.45,94.89,14.72,6.29,52.0,164.0
233.0,1e-05,1e-10,1e-12,1e-10,100.0,54.95,94.95,14.72,6.36,52.0,222.0
234.0,1e-05,1e-10,1e-12,1e-10,150.0,55.0,94.89,14.72,6.41,52.0,278.0
235.0,1e-05,1e-10,1e-12,1e-12,10.0,54.45,94.72,14.72,6.34,52.0,120.0
236.0,1e-05,1e-10,1e-12,1e-12,20.0,54.55,94.73,14.72,6.33,52.0,131.0
237.0,1e-05,1e-10,1e-12,1e-12,50.0,54.3,94.74,14.72,6.25,52.0,164.0
238.0,1e-05,1e-10,1e-12,1e-12,100.0,54.65,94.77,14.72,6.32,52.0,222.0
239.0,1e-05,1e-10,1e-12,1e-12,150.0,55.35,95.07,14.72,6.45,52.0,279.0
240.0,1e-05,1e-12,1e-05,1e-05,10.0,54.35,94.66,14.72,6.27,52.0,119.0
241.0,1e-05,1e-12,1e-05,1e-05,20.0,54.6,94.83,14.72,6.33,52.0,130.0
242.0,1e-05,1e-12,1e-05,1e-05,50.0,54.35,94.75,14.72,6.29,52.0,166.0
243.0,1e-05,1e-12,1e-05,1e-05,100.0,55.0,94.99,14.72,6.41,52.0,224.0
244.0,1e-05,1e-12,1e-05,1e-05,150.0,55.0,94.92,14.72,6.35,52.0,276.0
245.0,1e-05,1e-12,1e-05,1e-08,10.0,54.55,94.77,14.72,6.32,52.0,118.0
246.0,1e-05,1e-12,1e-05,1e-08,20.0,54.1,94.69,14.72,6.23,52.0,130.0
247.0,1e-05,1e-12,1e-05,1e-08,50.0,55.0,94.78,14.72,6.36,52.0,164.0
248.0,1e-05,1e-12,1e-05,1e-08,100.0,54.9,94.85,14.72,6.34,52.0,221.0
249.0,1e-05,1e-12,1e-05,1e-08,150.0,55.35,94.97,14.72,6.39,52.0,277.0
250.0,1e-05,1e-12,1e-05,1e-10,10.0,54.35,94.68,14.72,6.3,52.0,119.0
251.0,1e-05,1e-12,1e-05,1e-10,20.0,54.45,94.66,14.72,6.31,52.0,130.0
252.0,1e-05,1e-12,1e-05,1e-10,50.0,54.4,94.76,14.72,6.28,52.0,163.0
253.0,1e-05,1e-12,1e-05,1e-10,100.0,54.9,94.91,14.72,6.34,52.0,220.0
254.0,1e-05,1e-12,1e-05,1e-10,150.0,54.95,94.87,14.72,6.4,52.0,276.0
255.0,1e-05,1e-12,1e-05,1e-12,10.0,54.2,94.8,14.72,6.23,52.0,119.0
256.0,1e-05,1e-12,1e-05,1e-12,20.0,54.35,94.67,14.72,6.29,52.0,129.0
257.0,1e-05,1e-12,1e-05,1e-12,50.0,54.05,94.78,14.72,6.21,52.0,163.0
258.0,1e-05,1e-12,1e-05,1e-12,100.0,54.9,94.86,14.72,6.38,52.0,221.0
259.0,1e-05,1e-12,1e-05,1e-12,150.0,54.8,94.94,14.72,6.32,52.0,277.0
260.0,1e-05,1e-12,1e-08,1e-05,10.0,54.15,94.62,14.72,6.3,52.0,118.0
261.0,1e-05,1e-12,1e-08,1e-05,20.0,54.45,94.85,14.72,6.31,52.0,129.0
262.0,1e-05,1e-12,1e-08,1e-05,50.0,55.0,94.82,14.72,6.39,52.0,163.0
263.0,1e-05,1e-12,1e-08,1e-05,100.0,54.8,94.84,14.72,6.33,52.0,221.0
264.0,1e-05,1e-12,1e-08,1e-05,150.0,55.0,95.05,14.72,6.42,52.0,279.0
265.0,1e-05,1e-12,1e-08,1e-08,10.0,54.15,94.66,14.72,6.24,52.0,118.0
266.0,1e-05,1e-12,1e-08,1e-08,20.0,54.55,94.81,14.72,6.35,52.0,129.0
267.0,1e-05,1e-12,1e-08,1e-08,50.0,54.7,94.74,14.72,6.35,52.0,163.0
268.0,1e-05,1e-12,1e-08,1e-08,100.0,55.0,94.82,14.72,6.37,52.0,222.0
269.0,1e-05,1e-12,1e-08,1e-08,150.0,54.85,94.81,14.72,6.36,52.0,280.0
270.0,1e-05,1e-12,1e-08,1e-10,10.0,54.5,94.8,14.72,6.37,52.0,121.0
271.0,1e-05,1e-12,1e-08,1e-10,20.0,54.3,94.71,14.72,6.24,52.0,130.0
272.0,1e-05,1e-12,1e-08,1e-10,50.0,54.35,94.84,14.72,6.25,52.0,163.0
273.0,1e-05,1e-12,1e-08,1e-10,100.0,54.25,94.77,14.72,6.22,52.0,222.0
274.0,1e-05,1e-12,1e-08,1e-10,150.0,54.9,94.94,14.72,6.35,52.0,275.0
275.0,1e-05,1e-12,1e-08,1e-12,10.0,53.9,94.67,14.72,6.21,52.0,118.0
276.0,1e-05,1e-12,1e-08,1e-12,20.0,53.7,94.66,14.72,6.18,52.0,129.0
277.0,1e-05,1e-12,1e-08,1e-12,50.0,54.55,94.77,14.72,6.35,52.0,162.0
278.0,1e-05,1e-12,1e-08,1e-12,100.0,54.85,94.88,14.72,6.38,52.0,222.0
279.0,1e-05,1e-12,1e-08,1e-12,150.0,55.05,94.88,14.72,6.4,52.0,278.0
280.0,1e-05,1e-12,1e-10,1e-05,10.0,54.25,94.71,14.72,6.26,52.0,120.0
281.0,1e-05,1e-12,1e-10,1e-05,20.0,54.5,94.78,14.72,6.34,52.0,129.0
282.0,1e-05,1e-12,1e-10,1e-05,50.0,54.7,94.8,14.72,6.35,52.0,164.0
283.0,1e-05,1e-12,1e-10,1e-05,100.0,54.8,94.86,14.72,6.35,52.0,221.0
284.0,1e-05,1e-12,1e-10,1e-05,150.0,55.05,94.91,14.72,6.41,52.0,279.0
285.0,1e-05,1e-12,1e-10,1e-08,10.0,54.35,94.67,14.72,6.29,52.0,119.0
286.0,1e-05,1e-12,1e-10,1e-08,20.0,54.75,94.74,14.72,6.34,52.0,131.0
287.0,1e-05,1e-12,1e-10,1e-08,50.0,54.65,94.85,14.72,6.33,52.0,163.0
288.0,1e-05,1e-12,1e-10,1e-08,100.0,54.6,94.87,14.72,6.29,52.0,220.0
289.0,1e-05,1e-12,1e-10,1e-08,150.0,55.05,94.99,14.72,6.4,52.0,272.0
290.0,1e-05,1e-12,1e-10,1e-10,10.0,54.7,94.77,14.72,6.35,52.0,118.0
290.0,1e-05,1e-12,1e-10,1e-10,10.0,54.45,94.72,14.72,6.34,52.0,125.0
291.0,1e-05,1e-12,1e-10,1e-10,20.0,54.4,94.76,14.72,6.33,52.0,129.0
291.0,1e-05,1e-12,1e-10,1e-10,20.0,54.25,94.73,14.72,6.28,52.0,136.0
292.0,1e-05,1e-12,1e-10,1e-10,50.0,54.55,94.75,14.72,6.28,52.0,164.0
292.0,1e-05,1e-12,1e-10,1e-10,50.0,54.9,94.73,14.72,6.38,52.0,172.0
293.0,1e-05,1e-12,1e-10,1e-10,100.0,55.2,94.92,14.72,6.42,52.0,221.0
293.0,1e-05,1e-12,1e-10,1e-10,100.0,55.1,95.03,14.72,6.4,52.0,233.0
294.0,1e-05,1e-12,1e-10,1e-10,150.0,55.15,94.96,14.72,6.44,52.0,281.0
294.0,1e-05,1e-12,1e-10,1e-10,150.0,55.1,94.94,14.72,6.41,52.0,294.0
295.0,1e-05,1e-12,1e-10,1e-12,10.0,54.6,94.67,14.72,6.32,52.0,119.0
296.0,1e-05,1e-12,1e-10,1e-12,20.0,54.15,94.65,14.72,6.24,52.0,131.0
297.0,1e-05,1e-12,1e-10,1e-12,50.0,55.05,94.79,14.72,6.41,52.0,158.0
298.0,1e-05,1e-12,1e-10,1e-12,100.0,55.05,94.85,14.72,6.39,52.0,213.0
299.0,1e-05,1e-12,1e-10,1e-12,150.0,55.05,95.04,14.72,6.4,52.0,270.0
300.0,1e-05,1e-12,1e-12,1e-05,10.0,54.4,94.71,14.72,6.3,52.0,116.0
301.0,1e-05,1e-12,1e-12,1e-05,20.0,54.1,94.7,14.72,6.24,52.0,127.0
302.0,1e-05,1e-12,1e-12,1e-05,50.0,55.05,94.82,14.72,6.41,52.0,158.0
303.0,1e-05,1e-12,1e-12,1e-05,100.0,55.15,94.92,14.72,6.39,52.0,216.0
304.0,1e-05,1e-12,1e-12,1e-05,150.0,55.3,94.97,14.72,6.46,52.0,272.0
305.0,1e-05,1e-12,1e-12,1e-08,10.0,54.15,94.77,14.72,6.26,52.0,116.0
306.0,1e-05,1e-12,1e-12,1e-08,20.0,54.4,94.79,14.72,6.32,52.0,126.0
307.0,1e-05,1e-12,1e-12,1e-08,50.0,54.65,94.79,14.72,6.35,52.0,161.0
308.0,1e-05,1e-12,1e-12,1e-08,100.0,55.0,94.92,14.72,6.36,52.0,216.0
309.0,1e-05,1e-12,1e-12,1e-08,150.0,55.3,95.0,14.72,6.44,52.0,272.0
310.0,1e-05,1e-12,1e-12,1e-10,10.0,54.5,94.72,14.72,6.32,52.0,115.0
311.0,1e-05,1e-12,1e-12,1e-10,20.0,54.4,94.83,14.72,6.32,52.0,128.0
312.0,1e-05,1e-12,1e-12,1e-10,50.0,54.75,94.83,14.72,6.36,52.0,160.0
313.0,1e-05,1e-12,1e-12,1e-10,100.0,54.95,94.91,14.72,6.38,52.0,218.0
314.0,1e-05,1e-12,1e-12,1e-10,150.0,55.25,94.97,14.72,6.43,52.0,274.0
315.0,1e-05,1e-12,1e-12,1e-12,10.0,53.8,94.66,14.72,6.26,52.0,118.0
316.0,1e-05,1e-12,1e-12,1e-12,20.0,54.65,94.81,14.72,6.36,52.0,127.0
317.0,1e-05,1e-12,1e-12,1e-12,50.0,54.1,94.71,14.72,6.19,52.0,163.0
318.0,1e-05,1e-12,1e-12,1e-12,100.0,55.05,94.91,14.72,6.39,52.0,216.0
319.0,1e-05,1e-12,1e-12,1e-12,150.0,55.2,94.91,14.72,6.42,52.0,272.0
320.0,1e-08,1e-05,1e-05,1e-05,10.0,41.9,91.68,14.72,4.47,40.0,116.0
321.0,1e-08,1e-05,1e-05,1e-05,20.0,41.1,91.44,14.72,4.37,40.0,128.0
322.0,1e-08,1e-05,1e-05,1e-05,50.0,41.65,91.55,14.72,4.48,41.0,159.0
323.0,1e-08,1e-05,1e-05,1e-05,100.0,42.95,92.22,14.72,4.59,40.0,218.0
324.0,1e-08,1e-05,1e-05,1e-05,150.0,43.3,92.22,14.72,4.72,40.0,272.0
325.0,1e-08,1e-05,1e-05,1e-08,10.0,42.1,91.63,14.72,4.55,40.0,115.0
326.0,1e-08,1e-05,1e-05,1e-08,20.0,41.9,91.66,14.72,4.53,40.0,127.0
327.0,1e-08,1e-05,1e-05,1e-08,50.0,42.05,91.61,14.72,4.51,40.0,161.0
328.0,1e-08,1e-05,1e-05,1e-08,100.0,42.9,92.2,14.72,4.6,40.0,216.0
329.0,1e-08,1e-05,1e-05,1e-08,150.0,43.65,92.35,14.72,4.75,40.0,274.0
330.0,1e-08,1e-05,1e-05,1e-10,10.0,41.9,91.3,14.72,4.48,41.0,115.0
331.0,1e-08,1e-05,1e-05,1e-10,20.0,41.9,91.48,14.72,4.51,38.0,127.0
332.0,1e-08,1e-05,1e-05,1e-10,50.0,42.5,91.83,14.72,4.55,40.0,161.0
333.0,1e-08,1e-05,1e-05,1e-10,100.0,43.35,92.03,14.72,4.7,40.0,217.0
334.0,1e-08,1e-05,1e-05,1e-10,150.0,43.65,92.54,14.72,4.77,41.0,278.0
335.0,1e-08,1e-05,1e-05,1e-12,10.0,42.05,91.46,14.72,4.56,40.0,119.0
336.0,1e-08,1e-05,1e-05,1e-12,20.0,41.4,91.36,14.72,4.43,40.0,129.0
337.0,1e-08,1e-05,1e-05,1e-12,50.0,42.9,91.77,14.72,4.67,40.0,165.0
338.0,1e-08,1e-05,1e-05,1e-12,100.0,43.65,92.19,14.72,4.77,41.0,222.0
339.0,1e-08,1e-05,1e-05,1e-12,150.0,43.45,92.26,14.72,4.74,40.0,272.0
340.0,1e-08,1e-05,1e-08,1e-05,10.0,42.1,91.38,14.72,4.5,40.0,116.0
341.0,1e-08,1e-05,1e-08,1e-05,20.0,42.2,91.62,14.72,4.53,40.0,127.0
342.0,1e-08,1e-05,1e-08,1e-05,50.0,42.9,91.78,14.72,4.63,40.0,162.0
343.0,1e-08,1e-05,1e-08,1e-05,100.0,42.8,91.8,14.72,4.61,40.0,216.0
344.0,1e-08,1e-05,1e-08,1e-05,150.0,43.45,92.29,14.72,4.69,39.0,275.0
345.0,1e-08,1e-05,1e-08,1e-08,10.0,41.6,91.46,14.72,4.42,40.0,115.0
346.0,1e-08,1e-05,1e-08,1e-08,20.0,42.3,91.52,14.72,4.57,40.0,127.0
347.0,1e-08,1e-05,1e-08,1e-08,50.0,42.9,91.89,14.72,4.61,39.0,160.0
348.0,1e-08,1e-05,1e-08,1e-08,100.0,42.6,91.97,14.72,4.58,40.0,217.0
349.0,1e-08,1e-05,1e-08,1e-08,150.0,43.5,92.3,14.72,4.74,40.0,271.0
350.0,1e-08,1e-05,1e-08,1e-10,10.0,41.35,91.42,14.72,4.43,40.0,119.0
351.0,1e-08,1e-05,1e-08,1e-10,20.0,41.6,91.26,14.72,4.41,40.0,127.0
352.0,1e-08,1e-05,1e-08,1e-10,50.0,42.85,91.96,14.72,4.66,40.0,163.0
353.0,1e-08,1e-05,1e-08,1e-10,100.0,43.35,92.07,14.72,4.72,41.0,215.0
354.0,1e-08,1e-05,1e-08,1e-10,150.0,43.5,92.36,14.72,4.75,40.0,273.0
355.0,1e-08,1e-05,1e-08,1e-12,10.0,41.75,91.42,14.72,4.49,38.0,115.0
356.0,1e-08,1e-05,1e-08,1e-12,20.0,41.8,91.33,14.72,4.45,40.0,127.0
362.0,1e-08,1e-05,1e-10,1e-05,50.0,42.25,91.68,14.72,4.52,40.0,163.0
363.0,1e-08,1e-05,1e-10,1e-05,100.0,42.85,92.02,14.72,4.63,41.0,221.0
